48425
290
22833
43941
18486
33366
22692
41921
20145
47319
4643
16165
18763
23
47049
42153
11571
33875
41484
15284
18277
40064
36939
39131
30619
21674
49913
249
11745
17120
18790
34294
37663
10736
11037
46058
44614
24132
3893
46245
25847
31025
27846
289
46670
46181
45053
4885
38195
41980
41524
17019
32882
37115
46026
37882
30105
4973
24499
30179
16261
28904
38262
16423
19330
42551
29941
20887
10988
26402
47263
18060
45060
19613
44956
19881
31873
36727
44635
35982
23951
30504
40687
37401
30395
2859
35226
20125
44513
31753
40792
17631
25787
18143
33573
36984
28888
11257
35193
25280
18830
39597
17580
29686
46183
16719
35371
22667
15823
31779
48536
14510
27187
20991
20708
43809
10734
4790
20996
45152
44575
43254
38279
34627
45247
28689
41279
42862
42087
12235
39823
20188
49823
29312
40660
41557
45438
36210
44189
45407
37588
15871
14581
42665
12495
36341
36864
38901
33900
12426
10259
34919
20682
43002
20357
36857
16139
2649
32713
45099
4787
24441
12771
1887
30893
43577
21607
44526
16088
35733
15622
44237
48870
30882
43525
46282
41137
45628
30380
29913
24087
16292
33
33522
37226
26212
23153
16387
38270
34337
34537
18124
14592
30198
31796
46518
42136
14296
39424
11501
29967
29157
39101
32671
47773
22628
20748
29317
28870
36901
33587
44611
41826
19737
48261
22347
3521
20850
30475
33233
25111
29390
13850
20726
49709
21855
43584
37176
35515
42418
25524
20092
32059
42452
3317
20544
13859
18457
47853
18851
29092
30387
27671
22751
45979
19742
47610
21347
32646
20848
48627
16561
26175
3581
4141
25062
11032
43527
16158
11578
38062
34625
12386
44625
28360
49735
24570
31821
35655
37765
28195
36603
35507
425
3345
44419
21827
2143
25887
40
13502
18926
44641
27029
13168
20350
33498
21311
32691
4673
15000
44888
43827
12117
16288
43971
39396
4706
49051
33474
15091
16144
17187
33461
27607
45093
23849
10600
47679
39073
35769
44473
47173
12556
35983
14157
22298
48027
35468
21183
43311
10273
47524
41494
28449
21985
33886
26932
12106
22666
10134
2409
19965
25281
41225
12605
1683
397
3125
27604
20972
19590
19232
26062
12512
24894
17761
13815
22033
10135
47424
29459
16486
49204
38410
20628
36
125
27781
42417
45802
14056
10977
15555
15246
48341
19009
22929
35005
39407
29473
10104
131
20920
29896
26450
19586
30221
44903
41118
31195
27132
12912
14390
42707
14335
27672
43029
26730
38836
34749
1155
28013
20095
40754
39334
15419
23670
34709
11424
47984
48211
48109
17087
257
46879
4485
35377
44776
38167
45453
35418
31671
33440
33409
49394
10979
49181
24628
33432
31356
32668
13565
20023
27419
18626
47901
46926
30888
33298
44383
45982
17811
41261
25747
22547
31954
14711
42702
22206
42429
37475
26692
15571
19851
21814
48091
40070
29290
15437
40387
23787
24726
29915
43553
26338
37095
32365
29337
34852
10463
18287
2435
10511
14863
27650
2581
13545
12908
22384
11512
48302
24058
43810
35759
45469
12005
27652
13113
27547
33815
19273
17835
29115
13170
19837
11417
40253
45803
15007
25983
33201
27253
11833
40054
15951
42657
11753
25270
24932
41971
18134
36892
20605
35564
27743
11416
39916
14550
12662
19575
31578
37507
41335
38589
39112
12698
17028
13909
42038
4991
31956
21481
49087
23676
283
35312
46557
21986
1327
17128
26944
32053
42259
26990
14044
29299
32244
34812
21212
29272
22
16817
26262
39377
20203
1281
15373
11983
25917
15777
34289
43960
11111
34143
15619
26702
33479
46907
13726
25860
38531
33215
33342
38320
431
109
453
46205
34051
3605
23959
32367
39639
39855
14557
2123
38867
12016
16773
32879
14656
10409
31051
10102
25539
48470
25788
33
12777
14506
11101
28618
17389
33724
42257
29222
33185
13766
39449
17435
165
20583
34723
13478
30426
24857
13858
19630
2535
36065
11120
11454
20818
45670
47282
36830
46494
23492
43943
42495
42333
16650
21
25236
10255
31183
39972
46075
30389
33140
19795
25309
10079
25880
1633
18357
21433
26993
39890
26821
36651
12901
30765
27126
46428
15582
44484
28139
27194
43039
12161
16721
27921
39387
19340
47486
47059
47909
27304
45668
12538
35095
30233
12682
25267
19692
44027
34821
11645
47912
36821
18734
14898
36224
27853
24686
22054
43333
20639
47210
2449
35951
40836
16386
43463
38473
10161
16099
10025
44638
35367
12567
14221
39815
25021
40827
35413
43318
2409
47017
15247
3249
43092
41801
35175
19163
10582
46109
47941
45229
30033
28291
41807
22613
20237
19744
11346
24615
47387
43586
16240
41622
10302
19949
16049
1872
16453
48290
22935
30852
32551
47716
18986
16418
33835
20234
18834
1775
48819
17557
2215
25320
23516
26571
15303
14267
39842
13145
10249
21795
25610
19579
2815
30996
45753
42764
40602
45547
31691
11872
46270
27051
33870
11219
12854
18954
16319
41975
11325
34794
28235
37305
1345
36057
36783
47781
21869
38504
25464
4915
36113
4307
13091
4673
28027
10238
40289
10386
34089
33274
483
20281
29919
19786
40261
46013
1301
39151
16392
46143
49154
21310
49183
39671
41450
20554
3549
11011
25557
49133
29782
47949
46649
14497
45961
27219
3827
25675
13990
36458
18730
17772
48340
46581
46559
25241
20968
32631
26037
26200
10813
27384
21454
16479
14539
46852
30090
18283
1731
19214
43945
2015
36183
48907
13207
1363
29522
29567
38221
34588
21973
14063
38117
27813
14189
14063
30615
42349
3757
36557
32857
38117
34947
35387
42061
31985
28785
29459
27813
14189
27316
18223
19432
38549
3084
31749
25699
26249
31485
38014
46224
16706
24285
35207
14063
26859
14781
19356
35323
35483
34249
38613
36811
10373
10405
10649
14573
22846
32850
30615
27133
42349
38424
3757
217
41585
3655
32853
35503
15388
3811
3493
40211
46626
31249
47376
48459
31266
42865
10616
27756
49090
18140
38763
39277
33443
44430
35385
14384
42060
35047
31984
42789
19752
34061
39036
22943
28784
21
35387
35425
44193
31280
29458
17629
1023
17123
35957
27812
27135
30362
27236
22306
13219
24100
20210
1468
38147
16385
14867
22371
3735
27985
35140
45939
35490
4802
32341
45461
44984
21824
16125
40516
46328
38361
25043
14753
231
25343
39410
27542
3539
16496
41663
48034
47314
42419
35359
46671
27748
25459
10852
13087
13612
34369
1021
41205
47595
26047
